0 
0 11000100111011110100101101101100010111011
0 11011110100101001010100101000100
0 
0 
0  ===================================================
0.08627451 
0.05490196 
0.6666667 
0.6941177 
0.9098039 
0.9137255 
0.9137255 
0.9137255 
0.9137255   --------------------------
0.9137255 
0.9137255 
0.9137255 
0.9137255 
0.9137255 
0.8705882 
0.8156863 
0.1372549 
0.1411765 
0 
0 
0 
0  ---------------------
0  
0 
0 
0 
0.01176471 
0.007843138 
0.5529412 
0.6196079 
0.9098039 
0.9137255 
0.9137255 
0.9137255 
0.9137255  ---------------------
0.9137255 
0.9137255   
0.9137255 
0.9137255 
0.9137255 
0.9019608 
0.8980392 
0.2 
0.2352941 
0.03137255 
0.03137255 
0 
0 
0    ---------------------
0 
0   
0 
0.01960784 
0.03921569 
0.3411765 
0.4823529 
0.9019608 
0.9019608 
0.9137255 
0.9137255 
0.9137255 
0.9137255  ---------------------
0.9137255 
0.9137255 
0.9137255 
0.9137255 
0.9137255 
0.9137255 
0.4823529 
0.3686275 
0 
0 
0 
0 
0  ---------------------
0 
0 
0 
0.01960784 
0.03921569 
0.1647059 
0.3372549 
0.8745098 
0.8705882 
0.9137255 
0.9137255 
0.9137255 
0.9137255 
0.9137255  ---------------------
0.9137255 
0.9137255 
0.9137255 
0.9098039 
0.9098039 
0.6666667 
0.4823529 
0.05882353 
0.03921569 
0 
0 
0 
0  ---------------------
0 
0 
0 
0 
0.09411765 
0.2078431 
0.8235294 
0.827451 
0.9137255 
0.9137255 
0.9137255 
0.9137255 
0.9137255  ---------------------
0.9137255 
0.9137255 
0.9137255 
0.9137255 
0.9137255 
0.7764706 
0.6078432 
0.1294118 
0.09411765 
0 
0 
0 
0 
0  ---------------------
0 
0 
0 
0.08627451 
0.05490196 
0.6784314 
0.7019608 
0.9137255 
0.9137255 
0.9137255 
0.9137255 
0.9137255 
0.9137255 
0.9137255 
0.9137255 
0.9137255 
0.9137255 
0.8627451 
0.8 
0.1254902 
0.1254902 
0 
0 
0 
0 
0 
0 
0 
0 
0.01960784 
0.01176471 
0.5764706 
0.6392157 
0.9098039 
0.9137255 
0.9137255 
0.9137255 
0.9137255 
0.9137255 
0.9137255 
0.9137255 
0.9137255 
0.9137255 
0.8980392 
0.8901961 
0.1960784 
0.2313726 
0.03137255 
0.03137255 
0 
0 
0 
0 
0 
0 
0.007843138 
0.01568628 
0.372549 
0.5019608 
0.9058824 
0.9058824 
0.9137255 
0.9137255 
0.9137255 
0.9137255 
0.9137255 
0.9137255 
0.9137255 
0.9137255 
0.9137255 
0.9137255 
0.4431373 
0.345098 
0 
0 
0 
0 
0 
0 
0 
0 
0.02352941 
0.04705882 
0.1686275 
0.345098 
0.8823529 
0.8784314 
0.9137255 
0.9137255 
0.9137255 
0.9137255 
0.9137255 
0.9137255 
0.9137255 
0.9137255 
0.9098039 
0.9137255 
0.6470588 
0.4705882 
0.03921569 
0.02352941 
0 
0 
0 
0 
0 
0 
0 
0 
0.1019608 
0.2235294 
0.827451 
0.8313726 
0.9137255 
0.9137255 
0.9137255 
0.9137255 
0.9137255 
0.9137255 
0.9137255 
0.9137255 
0.9137255 
0.9098039 
0.7294118 
0.5215687 
0.09803922 
0.0627451 
0 
0 
0 
0 
0 
0 
0 
0 
0.08627451 
0.05882353 
0.6980392 
0.7137255 
0.9137255 
0.9137255 
0.9137255 
0.9137255 
0.9137255 
0.9137255 
0.9137255 
0.9137255 
0.9137255 
0.9137255 
0.8588235 
0.7882353 
0.1176471 
0.1176471 
0 
0 
0 
0 
0 
0 
0 
0 
0.04705882 
0.03137255 
0.6470588 
0.682353 
0.9098039 
0.9137255 
0.9137255 
0.9137255 
0.9137255 
0.9137255 
0.9137255 
0.9137255 
0.9137255 
0.9098039 
0.8823529 
0.8431373 
0.1686275 
0.1921569 
0.02352941 
0.02352941 
0 
0 
0 
0 
0 
0 
0 
0 
0.4470588 
0.5568628 
0.9137255 
0.9137255 
0.9137255 
0.9137255 
0.9137255 
0.9137255 
0.9137255 
0.9137255 
0.9137255 
0.9137255 
0.9058824 
0.8941177 
0.372549 
0.3137255 
0.01176471 
0.01176471 
0 
0 
0 
0 
0 
0 
0.03137255 
0.06666667 
0.1960784 
0.3960784 
0.8980392 
0.9019608 
0.9137255 
0.9137255 
0.9137255 
0.9137255 
0.9137255 
0.9137255 
0.9137255 
0.9137255 
0.9098039 
0.9137255 
0.5686275 
0.4196078 
0.01960784 
0.01176471 
0 
0 
0 
0 
0 
0 
0 
0 
0.1254902 
0.2745098 
0.8627451 
0.8627451 
0.9137255 
0.9137255 
0.9137255 
0.9137255 
0.9137255 
0.9137255 
0.9137255 
0.9137255 
0.9137255 
0.9137255 
0.6784314 
0.4901961 
0.08627451 
0.05490196 
0 
0 
0 
0 
0 
0 
0 
0 






0.1254902 
0.1372549 
0.7764706 
0.7764706 
0.9137255 
0.9137255 
0.9137255 
0.9137255 
0.9137255 
0.9137255 
0.9137255 
0.9137255 
0.9137255 
0.9137255 
