7802  
6766  
8470  
7709  
7800  
8430  
19675  
6951  
7950  
7520  
7941  
7838  
8836  
8176  
7835  
8083  
7777  
8251  
8603  
7444  
7873  
7965  
7752  
8683  
7196  
7408  
8709  
7879  
7691  
7884  
7770  
8052  
7848  
7975  
8157  
7596  
7786  
7854  
7844  
8004  
8283  
7831  
6656  
8205  
7927  
7427  
10138  
7723  
7968  
7465  
7935  
8624  
7956  
8252  
8033  
7932  
8165  
7556  
7493  
8327  
7817  
7616  
8204  
8090  
8208  
8350  
8000  
8122  
8013  
7559  
8018  
8058  
8214  
7986  
7821  
7672  
7846  
6682  
7543  
8159  
8107  
7847  
9775  
8034  
8159  
8081  
7764  
7528  
7884  
7891  
7938  
8143  
7947  
8212  
7997  
8017  
8166  
7819  
6703  
7452  
7953  
7670  
8196  
9983  
8080  
8415  
7704  
7837  
7981  
7596  
7911  
8143  
7701  
8117  
7842  
8012  
7967  
7890  
6751  
7875  
8631  
7566  
8008  
8091  
7753  
7678  
9599  
7380  
8032  
8325  
7927  
7054  
7888  
8234  
8046  
7941  
8028  
8313  
7952  
7982  
7855  
7488  
8139  
8100  
8383  
7710  
7940  
8533  
7739  
8398  
7704  
8562  
8027  
6875  
7857  
8201  
7690  
7653  
7744  
8081  
7683  
9219  
7831  
7732  
7587  
8231  
6410  
7852  
7946  
7689  
7610  
7457  
7490  
7505  
7739  
7507  
7768  
8126  
7655  
7713  
7783  
8869  
7523  
7259  
7128  
9103  
8114  
7811  
7351  
8245  
8078  
7740  
7935  
7931  
9827  
8089  
7778  
7886  
8033  
8335  
8097  
7625  
8448  
8536  
7743  
7217  
8154  
8753  
8561  
9854  
8301  
8027  
7905  
7100  
8039  
8076  
8389  
8025  
7954  
7863  
8341  
7960  
8178  
8297  
7967  
7703  
8248  
7065  
8523  
7929  
7864  
8063  
8170  
8282  
7870  
8128  
6573  
7885  
7859  
7450  
9521  
8654  
8233  
8003  
8138  
8186  
7693  
7845  
7949  
7553  
8216  
7791  
9604  
7792  
7631  
8529  
8199  
7604  
8137  
8388  
7929  
7857  
8211  
7855  
7805  
7965  
6656  
7707  
8623  
8032  
7994  
8179  
8054  
8044  
6590  
7865  
7672  
8226  
7571  
10179  
7798  
7980  
8264  
7920  
7743  
6491  
8113  
8050  
7944  
9862  
8052  
7749  
7823  
7872  
7751  
6630  
8170  
8205  
8249  
9619  
8177  
7937  
8103  
6504  
8141  
7782  
7822  
8531  
7688  
7725  
8281  
7622  
8059  
8167  
7990  
7992  
8069  
8131  
8351  
9949  
8263  
8081  
8084  
7993  
6721  
7988  
7904  
8087  
7821  
7776  
8047  
8265  
7695  
7835  
8288  
7917  
8230  
11108  
7388  
7366  
8081  
7974  
8184  
6617  
8043  
7855  
7920  
8158  
8177  
7793  
7800  
8568  
9807  
7967  
7917  
8155  
7785  
7638  
8151  
8061  
7818  
8829  
6464  
7805  
8065  
8192  
8065  
8045  
7793  
8196  
7853  
7424  
9633  
8269  
8131  
7998  
8013  
7852  
7660  
7724  
8137  
6877  
7813  
8044  
7770  
7924  
7864  
8048  
7686  
7904  
7903  
7612  
9792  
8131  
7780  
8167  
7996  
7883  
7936  
7951  
8230  
7548  
6810  
8410  
7633  
8002  
7923  
8264  
7960  
7821  
7907  
9791  
7804  
8361  
8057  
8312  
8360  
7571  
8123  
8263  
7715  
6954  
8050  
7866  
8064  
7710  
7915  
7812  
7650  
8274  
7895  
9886  
8003  
7967  
8089  
8176  
8197  
7826  
8264  
7819  
8563  
6773  
8281  
8250  
8121  
7137  
7742  
8808  
7765  
7652  
8195  
9894  
8335  
7917  
7826  
8002  
8064  
7899  
7820  
8719  
7857  
6554  
8209  
8124  
8300  
7992  
8099  
7559  
8086  
7457  
9976  
7940  
8275  
8602  
7732  
7991  
8021  
7862  
8186  
8110  
6404  
8523  
8251  
7287  
7595  
8209  
7287  
7966  
7717  
10186  
7956  
7858  
8086  
7461  
8504  
8193  
7608  
8818  
7314  
8433  
8140  
8101  
7565  
7017  
8134  
7681  
7530  
7753  
10059  
8015  
7457  
7587  
8478  
7772  
7707  
6956  
8143  
8015  
7849  
9526  
9134  
7805  
6512  
7840  
7671  
7908  
8278  
9665  
7750  
7545  
7643  
7887  
9947  
7989  
7669  
7179  
8499  
7901  
7914  
7789  
8480  
8645  
7872  
7916  
8937  
6828  
6822  
8194  
7647  
8086  
8166  
8238  
8698  
8188  
7631  
7897  
7743  
7810  
8846  
7986  
7604  
7652  
8494  
7699  
7979  
7767  
8063  
7368  
8721  
8045  
7120  
7821  
7966  
7924  
9069  
7750  
8274  
7715  
7593  
7683  
8847  
7065  
7440  
8825  
7696  
8205  
7576  
8054  
8550  
8285  
8947  
8395  
6539  
8278  
8560  
9397  
7236  
7768  
8410  
8080  
7436  
7298  
7637  
7784  
8270  
7900  
6945  
7902  
10150  
7562  
6528  
7820  
8100  
8815  
7677  
7692  
7574  
7494  
7679  
7962  
7986  
7692  
8917  
9774  
8442  
7490  
7448  
7210  
8955  
7219  
7273  
7793  
8031  
8767  
7770  
7879  
7769  
7826  
8789  
6685  
7295  
7842  
9744  
7642  
9197  
8034  
7810  
7982  
7675  
8051  
8355  
7730  
7932  
7948  
7968  
8106  
9026  
8067  
7215  
7856  
7921  
7858  
8620  
7965  
8678  
8334  
7886  
6863  
7168  
7959  
7820  
7780  
9115  
8159  
8299  
8152  
7738  
9211  
7524  
7845  
9089  
7906  
7898  
8259  
8147  
8222  
8201  
6981  
8160  
8294  
8701  
7913  
8653  
7950  
8611  
8042  
6845  
8694  
8334  
8183  
7019  
8218  
8363  
7700  
7535  
8185  
8318  
8037  
7965  
7450  
9931  
7738  
7180  
7804  
7871  
7560  
7789  
7893  
7994  
7678  
7961  
7476  
7839  
8064  
8096  
7658  
7871  
7057  
9836  
7735  
7171  
8049  
8334  
8236  
7507  
8158  
8027  
8254  
7916  
7840  
8751  
7933  
7114  
8079  
8317  
7756  
8323  
9899  
7384  
7955  
8255  
7012  
7927  
8391  
7559  
8352  
9007  
7983  
7657  
7908  
8598  
7868  
6939  
8150  
8884  
7676  
8308  
7923  
8209  
7852  
8425  
7625  
7768  
8040  
9083  
7860  
7268  
8181  
7752  
8201  
8659  
7928  
8245  
7962  
7420  
8069  
7128  
7987  
9120  
7786  
8278  
7634  
8107  
7834  
8347  
6400  
8717  
7752  
7064  
8081  
8254  
8273  
7399  
8050  
7675  
7724  
9840  
8022  
7159  
8451  
7612  
7898  
8555  
7740  
7754  
8070  
7908  
8381  
6436  
7836  
8461  
7707  
7482  
7949  
7776  
8104  
7805  
7922  
10058  
7985  
7945  
7701  
7459  
7813  
8162  
8150  
8311  
7754  
7830  
7068  
8316  
7654  
7355  
7947  
8407  
8020  
7525  
7938  
8003  
8126  
9548  
8484  
7346  
7993  
8121  
7911  
8525  
7696  
7648  
6741  
8206  
7685  
8179  
8327  
8054  
8005  
8050  
7786  
8274  
9577  
7995  
8608  
8090  
7044  
8153  
8071  
8254  
8318  
7028  
7824  
8145  
8539  
7861  
7259  
7900  
8743  
7627  
7401  
7719  
11085  
7675  
7491  
8462  
7647  
7882  
7538  
7744  
8915  
6653  
7314  
7936  
8171  
7723  
8209  
7884  
7799  
7711  
8089  
7977  
9462  
7998  
7581  
7854  
8398  
7608  
7771  
7729  
7818  
7011  
7915  
8005  
7886  
7800  
8030  
7871  
8055  
7564  
8287  
9846  
7466  
8283  
8682  
7900  
7263  
8032  
7591  
8162  
8534  
7869  
7721  
6666  
8094  
7719  
7774  
8189  
7741  
8188  
7464  
8010  
9625  
8024  
8231  
7815  
7867  
7861  
8240  
7917  
7694  
8196  
7856  
8201  
6934  
7853  
8157  
7867  
7461  
7765  
8837  
8165  
6699  
10119  
8006  
7807  
8717  
7870  
7758  
8050  
8183  
8023  
7733  
7612  
7003  
8168  
8260  
8230  
7039  
7839  
7787  
8227  
7864  
9684  
8706  
7596  
7610  
7817  
9930  
7774  
6337  
8165  
6739  
7850  
7780  
7966  
8172  
7824  
7749  
8063  
7885  
7968  
10098  
8166  
7611  
7929  
7880  
7781  
7855  
7011  
9084  
7743  
8213  
7838  
6972  
7940  
7686  
7930  
8505  
8066  
7025  
8124  
9463  
8092  
7759  
8012  
8236  
8058  
7316  
8157  
8311  
7915  
7473  
6816  
8721  
8131  
7701  
7911  
7696  
7889  
8120  
7795  
7894  
9684  
7932  
8272  
7222  
8308  
8149  
7881  
7897  
7758  
8837  
8023  
6824  
7546  
8017  
7675  
7922  
8114  
7829  
8074  
8102  
8145  
7395  
8294  
9659  
7331  
8272  
7712  
8116  
7947  
6591  
8206  
7999  
7695  
8087  
7609  
7863  
7865  
7843  
7645  
8075  
8124  
7770  
10069  
7628  
7724  
7679  
8094  
7576  
8650  
8114  
6559  
8170  
7765  
8077  
8345  
8128  
7508  
8126  
7823  
7979  
8247  
7830  
7638  
8127  
9884  
7989  
8030  
8105  
7730  
7604  
6746  
7906  
8099  
8095  
8345  
8161  
7517  
7798  
8520  
7737  
7501  
7719  
7935  
7562  
9903  
7823  
9983  
7811  
6981  
6576  
8521  
7938  
7725  
7810  
7535  
7854  
7996  
8094  
8130  
8439  
8527  
7793  
7620  
8066  
8051  
9924  
9044  
8242  
9904  
9784  
10092  
9919  
9639  
8990  
8974  
7267  
8667  
7042  
8120  
7829  
8009  
7970  
8212  
7721  
8447  
7790  
8086  
7839  
7627  
9039  
8189  
8193  
7835  
8094  
8082  
8321  
8829  
8213  
8770  
8078  
8304  
9022  
9039  
9912  
9488  
9631  
10717  
10933  
12046  
13327  
15062  
15717  
20388  
32055  
26327  
20442  
13670  
16438  
21138  
14985  
19282  
16383  
14760  
16623  
20840  
18408  
45806  
40010  
52224  
51809  
17266  
19588  
27605  
20595  
20043  
17361  
16973  
17583  
18016  
15109  
13202  
19870  
17466  
16455  
16362  
15462  
25852  
15829  
18034  
32788  
14759  
15521  
20460  
15548  
17191  
16098  
43659  
65532  
16211  
21702  
27683  
15654  
29305  
39631  
103609  
112134  
32058  
14519  
17450  
15806  
14405  
22173  
13807  
16414  
17069  
25258  
12347  
59742  
70040  
11804  
12980  
29066  
31439  
14245  
13329  
15949  
14471  
17666  
19658  
15603  
65754  
73563  
43626  
43694  
16005  
17897  
14868  
17685  
12099  
14722  
13991  
11623  
15044  
14738  
16882  
14003  
12193  
13138  
12178  
16461  
15745  
12114  
23075  
23111  
13426  
31261  
33353  
13651  
30218  
30708  
10534  
35094  
37528  
14073  
10232  
14304  
18085  
20312  
15688  
12494  
15971  
15479  
15247  
23010  
30106  
14567  
13417  
16117  
43284  
43030  
15029  
13163  
11197  
8057  
10721  
39784  
29198  
65635  
40899  
17474  
11976  
19073  
82621  
12182  
12820  
20213  
14387  
13534  
18218  
18989  
12399  
19481  
11467  
18974  
13462  
13671  
15334  
11698  
14187  
11234  
9988  
17940  
11133  
14900  
12718  
10980  
11961  
12287  
13831  
12641  
13878  
12866  
15207  
14138  
13409  
16509  
14824  
15786  
16507  
21955  
12218  
15266  
17327  
13959  
24335  
18066  
19391  
15048  
17213  
17608  
14832  
18652  
18956  
15059  
11568  
9902  
70369  
111387  
89543  
117519  
115957  
11291  
65750  
49846  
20329  
11559  
13729  
16026  
66266  
69135  
66403  
40823  
82412  
11907  
9366  
13962  
10427  
12177  
10648  
12590  
25959  
30090  
28852  
59357  
10263  
11123  
16109  
16311  
7393  
10537  
10596  
9682  
21181  
22951  
10608  
15785  
12799  
13744  
9877  
12984  
17777  
17761  
27022  
28631  
23152  
15731  
37141  
37565  
11222  
12308  
14447  
16304  
14876  
15796  
18754  
18034  
17848  
27304  
28339  
28024  
24802  
26350  
65018  
56015  
35745  
18085  
14295  
16634  
49586  
53564  
47875  
44929  
17225  
25872  
28711  
18860  
16768  
17444  
15566  
24706  
36356  
35398  
19726  
18498  
104422  
53375  
70444  
16845  
18843  
18142  
17729  
13776  
67903  
33342  
78602  
15024  
12928  
58840  
54672  
51565  
20928  
25653  
14440  
28412  
13875  
62039  
99429  
15647  
14292  
14960  
17618  
21659  
18604  
57278  
59794  
19058  
17875  
21837  
18953  
16242  
21863  
17491  
16834  
18054  
23986  
67285  
74657  
14354  
11871  
16946  
12981  
13402  
16330  
14439  
16785  
9912  
15564  
11514  
8891  
8847  
7420  
12294  
13203  
15195  
11634  
28217  
15111  
20891  
12747  
30567  
23004  
14446  
16161  
15415  
22599  
11409  
15211  
20626  
24870  
15539  
19445  
16080  
17487  
18654  
17641  
21169  
20639  
18842  
22424  
21924  
15060  
21145  
22594  
23468  
14854  
15115  
21681  
17913  
23415  
49165  
15357  
70562  
24777  
24080  
15916  
15809  
72787  
17479  
46411  
123327  
17331  
20562  
16505  
34121  
64122  
87748  
22775  
17774  
17608  
17796  
19225  
15164  
17315  
19895  
13540  
16826  
18459  
22417  
11192  
15049  
13335  
87363  
103078  
10645  
13614  
8997  
12753  
21217  
17333  
18049  
16751  
14306  
12424  
18323  
17827  
16846  
19384  
23111  
19713  
22982  
34224  
56085  
16861  
57526  
50101  
100274  
13658  
68870  
77744  
16134  
13728  
15150  
10513  
13295  
14198  
13477  
14101  
17312  
13027  
12295  
16603  
14163  
21121  
17051  
17246  
11458  
22086  
21577  
11538  
13664  
23988  
60154  
67656  
38638  
107107  
21233  
14597  
14576  
27162  
40414  
50025  
22646  
25888  
16529  
9735  
14797  
11967  
13848  
12093  
11824  
10830  
8633  
11860  
10910  
11865  
12043  
9845  
17606  
12434  
22908  
12225  
42634  
45855  
43015  
14407  
53442  
21513  
18760  
12630  
19243  
13310  
13749  
16553  
17099  
14673  
12602  
13948  
15161  
13403  
14119  
12652  
14588  
12070  
13280  
12985  
13917  
14127  
14679  
16258  
15678  
15943  
15199  
15750  
16151  
15328  
18191  
17877  
14424  
38241  
27450  
19010  
18923  
18293  
25199  
13358  
14600  
19930  
13949  
33503  
12954  
15219  
27145  
17112  
47983  
51611  
11589  
24480  
26835  
39363  
11751  
16196  
35838  
10957  
9873  
10907  
12467  
11708  
22436  
103506  
90503  
14752  
16741  
9975  
9654  
14152  
12682  
9994  
11234  
14962  
12340  
14765  
19516  
8983  
9865  
9100  
10970  
32128  
31161  
10763  
12603  
13187  
18864  
25341  
12394  
15290  
13508  
21900  
18200  
14478  
16612  
14136  
13459  
15859  
11407  
11841  
13474  
20610  
21537  
14618  
15753  
15391  
16589  
19767  
19137  
24225  
24351  
15788  
17603  
20263  
17802  
19959  
14795  
15764  
14393  
15734  
11102  
23492  
52404  
61672  
12834  
15138  
11907  
27462  
28035  
17037  
13322  
16922  
12459  
15224  
17252  
15134  
17813  
20392  
17978  
18526  
23274  
23531  
13433  
16461  
14681  
16186  
15987  
16506  
14527  
16875  
16336  
14969  
14903  
67792  
90071  
100580  
37611  
17233  
14326  
17309  
13901  
18157  
16724  
56610  
61151  
17186  
27164  
18045  
18528  
24819  
15023  
20982  
18561  
16584  
20313  
32631  
14518  
15383  
13616  
13748  
14275  
12393  
18631  
15097  
14249  
22758  
13775  
12977  
12891  
8110  
9493  
8127  
11079  
14688  
13801  
12090  
13591  
13327  
12495  
15897  
17775  
12735  
23071  
13575  
74562  
76812  
17882  
16133  
18986  
17988  
17606  
16897  
17245  
20638  
17647  
17820  
20517  
22911  
41763  
32747  
21129  
21075  
16861  
61875  
14382  
77905  
16641  
22790  
26310  
30583  
18804  
18284  
18622  
20184  
20699  
24450  
30727  
